 238 247 247 247 247 247 247 247 247 247 247 247 247 247 247 247
 247 255 255 255 255 255 255 255 255 255 255 255 255 255 255 255
 247 255 159  63 111 255 255 255 255 255 255 255 255 255 255 255
 247 255 127   0  63 255 255 255 255 255 255 255 255 255 255 255
 247 111  31   0  15  63  63  63  63 207 255 255 255 255 255 255
 247  63   0   0   0   0   0   0   0 191 255 255 255 255 255 255
 247 255 127   0  76 255 255 255 255 255 255 255 255 255 255 255
 247 255 127   0  69 255 255 255 255 255 255 255 255 255 255 255
 247 255 127   0  63 255 255 255 255 255 255 255 255 255 255 255
 247 255 127   0  63 255 255 255 255 255 255 255 255 255 255 255
 247 255 127   0  63 255 255 255 255 255 255 255 255 255 255 255
 247 159  31   0  15  63  63  63  63  63  63  63  63 159 255 255
 247 127   0   0   0   0   0   0   0   0   0   0   0 127 255 255
 247 255 127   0  63 255 255 255 255 255 255 255 255 255 255 255
 247 255 255 255 255 255 255 255 255 255 255 255 254 255 255 255
 247 255 255 255 255 255 255 255 255 255 255 255 255 255 255 255
 238 247 247 247 247 247 247 247 247 247 247 247 247 247 247 247
 247 255 255 255 255 255 255 255 255 255 255 255 255 255 255 255
 247 255 159  63 111 255 255 255 255 255 255 255 255 255 255 255
 247 255 127   0  63 255 255 255 255 255 255 255 255 255 255 255
 247 111  31   0  15  63  63  63  63 207 255 255 255 255 255 255
 247  63   0   0   0   0   0   0   0 191 255 255 255 255 255 255
 247 255 127   0  76 255 255 255 255 255 255 255 255 255 255 255
 247 255 127   0  69 255 255 255 255 255 255 255 255 255 255 255
 247 255 127   0  63 255 255 255 255 255 255 255 255 255 255 255
 247 255 127   0  63 255 255 255 255 255 255 255 255 255 255 255
 247 255 127   0  63 255 255 255 255 255 255 255 255 255 255 255
 247 159  31   0  15  63  63  63  63  63  63  63  63 159 255 255
 247 127   0   0   0   0   0   0   0   0   0   0   0 127 255 255
 247 255 127   0  63 255 255 255 255 255 255 255 255 255 255 255
 247 255 255 255 255 255 255 255 255 255 255 255 254 255 255 255
 247 255 255 255 255 255 255 255 255 255 255 255 255 255 255 255
 238 247 247 247 247 247 247 247 247 247 247 247 247 247 247 247
 247 255 255 255 255 255 255 255 255 255 255 255 255 255 255 255
 247 255 159  63 111 255 255 255 255 255 255 255 255 255 255 255
 247 255 127   0  63 255 255 255 255 255 255 255 255 255 255 255
 247 111  31   0  15  63  63  63  63 207 255 255 255 255 255 255
 247  63   0   0   0   0   0   0   0 191 255 255 255 255 255 255
 247 255 127   0  76 255 255 255 255 255 255 255 255 255 255 255
 247 255 127   0  69 255 255 255 255 255 255 255 255 255 255 255
 247 255 127   0  63 255 255 255 255 255 255 255 255 255 255 255
 247 255 127   0  63 255 255 255 255 255 255 255 255 255 255 255
 247 255 127   0  63 255 255 255 255 255 255 255 255 255 255 255
 247 159  31   0  15  63  63  63  63  63  63  63  63 159 255 255
 247 127   0   0   0   0   0   0   0   0   0   0   0 127 255 255
 247 255 127   0  63 255 255 255 255 255 255 255 255 255 255 255
 247 255 255 255 255 255 255 255 255 255 255 255 254 255 255 255
 247 255 255 255 255 255 255 255 255 255 255 255 255 255 255 255

 247 255 255 255 255 255 255 255 255 255 255 255 255 255 255 255
 247 255 255 255 255 255 255 255 255 255 255 255 255 255 255 255
 247 255 255 255 255 255 255 255 255 255 255 159 127 255 255 255
 247 255 255 255 255 255 255 255 255 255 255  63   0 255 254 255
 247 255 255 255 255 255 255 255 255 255 255  63   0 255 255 255
 247 255 255 255 255 255 255 255 255 255 255  63   0 255 255 255
 247 255 255 255 207 191 255 255 255 255 255  63   0 255 255 255
 247 255 255 255  63   0 255 255 255 255 255  63   0 255 255 255
 247 255 255 255  63   0 255 255 255 255 255  63   0 255 255 255
 247 255 255 255  63   0 255 255 255 255 255  63   0 255 255 255
 247 255 255 255  63   0 255 255 255 255 255  63   0 255 255 255
 247 255 111  63  15   0  76  69  63  63  63  15   0  63 255 255
 247 255  63   0   0   0   0   0   0   0   0   0   0   0 255 255
 247 255 159 127  31   0 127 127 127 127 127  31   0 127 255 255
 247 255 255 255 111  63 255 255 255 255 255 159 127 255 255 255
 238 247 247 247 247 247 247 247 247 247 247 247 247 247 247 247
 247 255 255 255 255 255 255 255 255 255 255 255 255 255 255 255
 247 255 255 255 255 255 255 255 255 255 255 255 255 255 255 255
 247 255 255 255 255 255 255 255 255 255 255 159 127 255 255 255
 247 255 255 255 255 255 255 255 255 255 255  63   0 255 254 255
 247 255 255 255 255 255 255 255 255 255 255  63   0 255 255 255
 247 255 255 255 255 255 255 255 255 255 255  63   0 255 255 255
 247 255 255 255 207 191 255 255 255 255 255  63   0 255 255 255
 247 255 255 255  63   0 255 255 255 255 255  63   0 255 255 255
 247 255 255 255  63   0 255 255 255 255 255  63   0 255 255 255
 247 255 255 255  63   0 255 255 255 255 255  63   0 255 255 255
 247 255 255 255  63   0 255 255 255 255 255  63   0 255 255 255
 247 255 111  63  15   0  76  69  63  63  63  15   0  63 255 255
 247 255  63   0   0   0   0   0   0   0   0   0   0   0 255 255
 247 255 159 127  31   0 127 127 127 127 127  31   0 127 255 255
 247 255 255 255 111  63 255 255 255 255 255 159 127 255 255 255
 238 247 247 247 247 247 247 247 247 247 247 247 247 247 247 247
 247 255 255 255 255 255 255 255 255 255 255 255 255 255 255 255
 247 255 255 255 255 255 255 255 255 255 255 255 255 255 255 255
 247 255 255 255 255 255 255 255 255 255 255 159 127 255 255 255
 247 255 255 255 255 255 255 255 255 255 255  63   0 255 254 255
 247 255 255 255 255 255 255 255 255 255 255  63   0 255 255 255
 247 255 255 255 255 255 255 255 255 255 255  63   0 255 255 255
 247 255 255 255 207 191 255 255 255 255 255  63   0 255 255 255
 247 255 255 255  63   0 255 255 255 255 255  63   0 255 255 255
 247 255 255 255  63   0 255 255 255 255 255  63   0 255 255 255
 247 255 255 255  63   0 255 255 255 255 255  63   0 255 255 255
 247 255 255 255  63   0 255 255 255 255 255  63   0 255 255 255
 247 255 111  63  15   0  76  69  63  63  63  15   0  63 255 255
 247 255  63   0   0   0   0   0   0   0   0   0   0   0 255 255
 247 255 159 127  31   0 127 127 127 127 127  31   0 127 255 255
 247 255 255 255 111  63 255 255 255 255 255 159 127 255 255 255
 238 247 247 247 247 247 247 247 247 247 247 247 247 247 247 247

 255 255 255 255 255 255 255 255 255 255 255 255 255 255 255 247
 255 255 255 254 255 255 255 255 255 255 255 255 255 255 255 247
 255 255 255 255 255 255 255 255 255 255 255  63   0 127 255 247
 255 255 127   0   0   0   0   0   0   0   0   0   0   0 127 247
 255 255 159  63  63  63  63  63  63  63  63  15   0  31 159 247
 255 255 255 255 255 255 255 255 255 255 255  63   0 127 255 247
 255 255 255 255 255 255 255 255 255 255 255  63   0 127 255 247
 255 255 255 255 255 255 255 255 255 255 255  63   0 127 255 247
 255 255 255 255 255 255 255 255 255 255 255  69   0 127 255 247
 255 255 255 255 255 255 255 255 255 255 255  76   0 127 255 247
 255 255 255 255 255 255 191   0   0   0   0   0   0   0  63 247
 255 255 255 255 255 255 207  63  63  63  63  15   0  31 111 247
 255 255 255 255 255 255 255 255 255 255 255  63   0 127 255 247
 255 255 255 255 255 255 255 255 255 255 255 111  63 159 255 247
 255 255 255 255 255 255 255 255 255 255 255 255 255 255 255 247
 247 247 247 247 247 247 247 247 247 247 247 247 247 247 247 238
 255 255 255 255 255 255 255 255 255 255 255 255 255 255 255 247
 255 255 255 254 255 255 255 255 255 255 255 255 255 255 255 247
 255 255 255 255 255 255 255 255 255 255 255  63   0 127 255 247
 255 255 127   0   0   0   0   0   0   0   0   0   0   0 127 247
 255 255 159  63  63  63  63  63  63  63  63  15   0  31 159 247
 255 255 255 255 255 255 255 255 255 255 255  63   0 127 255 247
 255 255 255 255 255 255 255 255 255 255 255  63   0 127 255 247
 255 255 255 255 255 255 255 255 255 255 255  63   0 127 255 247
 255 255 255 255 255 255 255 255 255 255 255  69   0 127 255 247
 255 255 255 255 255 255 255 255 255 255 255  76   0 127 255 247
 255 255 255 255 255 255 191   0   0   0   0   0   0   0  63 247
 255 255 255 255 255 255 207  63  63  63  63  15   0  31 111 247
 255 255 255 255 255 255 255 255 255 255 255  63   0 127 255 247
 255 255 255 255 255 255 255 255 255 255 255 111  63 159 255 247
 255 255 255 255 255 255 255 255 255 255 255 255 255 255 255 247
 247 247 247 247 247 247 247 247 247 247 247 247 247 247 247 238
 255 255 255 255 255 255 255 255 255 255 255 255 255 255 255 247
 255 255 255 254 255 255 255 255 255 255 255 255 255 255 255 247
 255 255 255 255 255 255 255 255 255 255 255  63   0 127 255 247
 255 255 127   0   0   0   0   0   0   0   0   0   0   0 127 247
 255 255 159  63  63  63  63  63  63  63  63  15   0  31 159 247
 255 255 255 255 255 255 255 255 255 255 255  63   0 127 255 247
 255 255 255 255 255 255 255 255 255 255 255  63   0 127 255 247
 255 255 255 255 255 255 255 255 255 255 255  63   0 127 255 247
 255 255 255 255 255 255 255 255 255 255 255  69   0 127 255 247
 255 255 255 255 255 255 255 255 255 255 255  76   0 127 255 247
 255 255 255 255 255 255 191   0   0   0   0   0   0   0  63 247
 255 255 255 255 255 255 207  63  63  63  63  15   0  31 111 247
 255 255 255 255 255 255 255 255 255 255 255  63   0 127 255 247
 255 255 255 255 255 255 255 255 255 255 255 111  63 159 255 247
 255 255 255 255 255 255 255 255 255 255 255 255 255 255 255 247
 247 247 247 247 247 247 247 247 247 247 247 247 247 247 247 238

 247 247 247 247 247 247 247 247 247 247 247 247 247 247 247 238
 255 255 255 127 159 255 255 255 255 255  63 111 255 255 255 247
 255 255 127   0  31 127 127 127 127 127   0  31 127 159 255 247
 255 255   0   0   0   0   0   0   0   0   0   0   0  63 255 247
 255 255  63   0  15  63  63  63  69  76   0  15  63 111 255 247
 255 255 255   0  63 255 255 255 255 255   0  63 255 255 255 247
 255 255 255   0  63 255 255 255 255 255   0  63 255 255 255 247
 255 255 255   0  63 255 255 255 255 255   0  63 255 255 255 247
 255 255 255   0  63 255 255 255 255 255   0  63 255 255 255 247
 255 255 255   0  63 255 255 255 255 255 191 207 255 255 255 247
 255 255 255   0  63 255 255 255 255 255 255 255 255 255 255 247
 255 255 255   0  63 255 255 255 255 255 255 255 255 255 255 247
 255 254 255   0  63 255 255 255 255 255 255 255 255 255 255 247
 255 255 255 127 159 255 255 255 255 255 255 255 255 255 255 247
 255 255 255 255 255 255 255 255 255 255 255 255 255 255 255 247
 255 255 255 255 255 255 255 255 255 255 255 255 255 255 255 247
 247 247 247 247 247 247 247 247 247 247 247 247 247 247 247 238
 255 255 255 127 159 255 255 255 255 255  63 111 255 255 255 247
 255 255 127   0  31 127 127 127 127 127   0  31 127 159 255 247
 255 255   0   0   0   0   0   0   0   0   0   0   0  63 255 247
 255 255  63   0  15  63  63  63  69  76   0  15  63 111 255 247
 255 255 255   0  63 255 255 255 255 255   0  63 255 255 255 247
 255 255 255   0  63 255 255 255 255 255   0  63 255 255 255 247
 255 255 255   0  63 255 255 255 255 255   0  63 255 255 255 247
 255 255 255   0  63 255 255 255 255 255   0  63 255 255 255 247
 255 255 255   0  63 255 255 255 255 255 191 207 255 255 255 247
 255 255 255   0  63 255 255 255 255 255 255 255 255 255 255 247
 255 255 255   0  63 255 255 255 255 255 255 255 255 255 255 247
 255 254 255   0  63 255 255 255 255 255 255 255 255 255 255 247
 255 255 255 127 159 255 255 255 255 255 255 255 255 255 255 247
 255 255 255 255 255 255 255 255 255 255 255 255 255 255 255 247
 255 255 255 255 255 255 255 255 255 255 255 255 255 255 255 247
 247 247 247 247 247 247 247 247 247 247 247 247 247 247 247 238
 255 255 255 127 159 255 255 255 255 255  63 111 255 255 255 247
 255 255 127   0  31 127 127 127 127 127   0  31 127 159 255 247
 255 255   0   0   0   0   0   0   0   0   0   0   0  63 255 247
 255 255  63   0  15  63  63  63  69  76   0  15  63 111 255 247
 255 255 255   0  63 255 255 255 255 255   0  63 255 255 255 247
 255 255 255   0  63 255 255 255 255 255   0  63 255 255 255 247
 255 255 255   0  63 255 255 255 255 255   0  63 255 255 255 247
 255 255 255   0  63 255 255 255 255 255   0  63 255 255 255 247
 255 255 255   0  63 255 255 255 255 255 191 207 255 255 255 247
 255 255 255   0  63 255 255 255 255 255 255 255 255 255 255 247
 255 255 255   0  63 255 255 255 255 255 255 255 255 255 255 247
 255 254 255   0  63 255 255 255 255 255 255 255 255 255 255 247
 255 255 255 127 159 255 255 255 255 255 255 255 255 255 255 247
 255 255 255 255 255 255 255 255 255 255 255 255 255 255 255 247
 255 255 255 255 255 255 255 255 255 255 255 255 255 255 255 247

